004482
002140
003431
002283
002186
000284
002330
002896
004067
004939
003752
002112
004460
003629
002222
003961
002676
000015
002867
000910
005005
002395
001513
003361
004465
000886
001017
000022
003234
000995
004758
002374
000489
002763
002765
002449
002432
003121
004725
000371
000180
003998
001459
002653
002583
000695
000639
002043
001759
000872
001707
000165
002801
003008
003291
003534
000900
002911
000041
004360
004912
003343
001642
004946
003293
000238
000543
002742
001493
002821
001617
002155
001196
001941
001290
002425
003278
002984
004069
001190
004230
001475
003029
003710
004608
003668
004982
000155
003776
003498
002549
003553
000869
003946
004221
002096
001155
002992
001139
001922
001807
004286
001597
004927
002703
000337
000773
001767
002797
001278
004953
003600
000896
002382
003826
003853
004845
002089
004185
002556
002091
000073
003446
000061
000071
004855
000097
005027
002661
001812
001972
004604
000088
003939
003226
000365
003205
003404
001596
003659
000435
004339
001974
004019
000955
002991
004803
003096
003457
000956
004040
004606
004448
002134
000587
003435
004643
001057
000362
001368
002133
001214
003085
002862
004149
000788
001461
000388
004102
003861
001985
005009
004899
000589
000505
004462
003526
002654
004181
004133
000393
002986
002995
000432
003684
000117
002541
002392
002812
000296
003484
001187
002242
003003
002854
004692
003000
002339
002604
003445
000042
000472
000917
003901
001987
000831
003200
003277
001088
003005
001957
002328
004204
000799
003150
001269
001678
000705
003044
002371
003735
003657
004956
001058
004680
001389
000196
000833
000758
004736
001079
003537
003635
003275
002820
001855
001775
002031
004023
000675
003815
003082
002715
000297
001539
000163
004443
001075
002503
000202
002890
000256
000000
001898
003086
000593
003247
002938
000052
001525
004964
001846
003335
001250
000700
001223
001697
003618
001859
003060
003670
002275
001173
002924
001930
002923
002997
001919
000963
002471
000251
004312
001779
003355
001664
004411
002716
001318
003974
001649
004168
001355
002909
000391
001229
000221
004051
001803
004294
001238
004932
004163
003490
001643
003369
001551
000133
000032
004150
000225
004130
003569
002331
001570
001029
003154
004620
000348
003721
002138
002438
004592
000672
002554
003712
003651
002094
001405
000030
000692
000715
004676
001550
003546
002013
000836
000139
000473
004859
003390
000757
004548
005001
002861
000047
001904
000558
003518
004072
004327
001302
000331
002971
001603
000431
002217
002262
004095
003178
003857
001149
004371
001122
003765
005021
001798
003360
001367
004501
000793
001722
001832
002381
004877
000427
000376
000370
003848
000417
003929
001198
002306
003915
000293
000056
003702
003575
003115
004481
004952
004213
001869
003801
003175
004379
002026
001108
004237
000779
003873
003015
000595
002888
003313
002149
003862
003055
002693
000101
001567
004873
000401
002439
000144
004663
003265
001105
004034
002095
002399
002886
001665
000922
000711
000708
000498
001199
003761
000939
002565
004791
003237
002298
000492
004240
001747
000078
003224
004420
002535
003768
000551
001635
004304
001025
002215
001140
000729
000010
003584
003331
000875
001532
001166
004681
001168
000826
003515
002189
001339
004004
001890
002996
001259
004195
004572
000364
001892
003898
000086
002729
000630
002754
003184
000846
004031
003076
001089
002828
001548
002075
001514
001206
002950
000084
000096
004936
000183
001151
002517
004036
000798
002811
001911
004463
002800
000268
002941
003639
001813
001096
003937
002028
001427
002159
002961
003253
001683
003161
004449
003129
003773
003769
003042
003328
004994
000862
003519
004500
000018
002338
004566
002379
000716
003341
002115
003948
003875
002528
002894
001608
003131
004288
004576
001011
004359
004808
001161
001718
002072
003174
004895
004585
000320
004088
002458
003680
002495
002296
001552
000146
001499
004980
004906
001856
003666
002579
001433
000847
003790
004674
003624
004432
002117
001870
000483
001795
000930
000481
004799
001243
002838
000266
001754
003762
000430
002960
000228
003315
001756
000723
003899
004804
001123
003917
002363
001916
000853
004201
003099
004153
000891
001039
003756
001293
002830
001632
003662
003195
003607
003216
004498
000036
004644
001547
003798
002919
001291
003037
000893
000143
002510
000998
004851
002015
000824
004366
000722
002463
003890
001041
003835
000283
001147
000065
001091
004018
000305
002192
001272
000854
004556
001137
003289
000007
000104
002244
002839
000533
000309
003535
002743
003148
003613
003182
001077
000809
001121
003449
001275
003062
002165
000008
003887
001688
001375
004806
002097
000741
002873
001200
001929
004810
003696
002240
002865
002436
002766
004476
001312
001873
004044
001078
000092
003176
000167
000769
001753
004403
004731
001661
002352
003810
000943
003682
000742
001658
001239
004206
003337
003220
001966
003885
003882
003336
003045
004623
000051
001655
001554
004749
001830
002487
004276
001403
004691
000582
001407
001409
002357
000518
004745
003124
000162
003301
004938
003822
002912
001274
001612
000813
003988
004347
003813
004330
000619
004773
003582
004894
000453
004930
004639
002563
004362
002450
001787
001131
001743
004191
002260
003349
004017
001835
001400
004137
001134
000915
002928
003803
001419
001115
002024
001353
001061
002182
004796
000147
001512
002507
001283
002164
003287
003117
003949
003196
003935
000392
004320
003310
004035
004703
003276
004169
003923
000108
004524
002934
000602
001698
003147
001563
003080
001070
001012
004776
000601
002514
004307
002413
000469
001181
004283
003309
004209
003694
001594
004518
001322
002199
004934
004504
000264
003439
003593
000642
001049
000445
000699
000830
001992
000043
002081
000197
003009
004750
004394
002321
000775
001404
000150
004423
003101
000933
002933
004642
002981
000514
000035
002794
001156
000080
000306
004472
003290
004974
002713
000968
002637
000428
003973
000838
000874
003615
003204
000232
004123
004316
000983
002050
002580
000352
002064
001729
003628
000683
002567
002475
002946
002010
004474
003481
000857
004998
004167
001069
002644
002891
004545
000456
003718
002292
003525
000379
000189
003255
002767
004107
003245
001839
002907
002550
003119
000407
002129
004685
001371
004960
002734
003097
002609
001778
002566
003959
002218
004497
005044
003507
002462
000640
004757
001128
000960
002084
002717
001031
003376
004833
001335
003800
000860
001708
000585
000402
003542
000098
001019
001452
001329
000676
001001
001106
002143
002014
002274
004184
000419
001700
004156
001971
005015
001446
004843
004078
002526
000621
003258
001381
004016
003506
004199
000494
000914
003288
000608
003373
000095
002464
003971
004343
003962
002699
000977
004928
003159
003106
004747
003400
001999
001576
000020
002505
001657
004839
003396
004593
004242
004433
003558
003219
000776
000666
002320
003791
002069
003617
001604
002150
000384
000559
001740
003320
000902
000504
002759
002727
000170
004949
000750
002245
003654
000049
001065
002291
000110
000805
004962
000358
000069
002665
002880
001889
003581
003781
003412
003192
003448
003064
002474
001776
003417
004345
001773
004510
003821
001027
002708
002121
002012
004900
000243
004682
001600
003524
000288
001144
003202
003068
003895
004777
002872
003494
004581
002229
003750
003747
003918
000774
001074
003053
000730
001727
000649
003802
002456
001194
003141
004507
002623
002375
000206
003958
003030
002539
002233
002427
001881
005006
002423
002855
004284
002021
004289
002527
000412
004565
001685
001501
000040
001102
003528
003169
000184
004890
001004
001534
004111
001008
004933
003496
003486
002686
002322
004249
004086
003616
004583
000726
001107
000449
000114
000545
001430
002118
001466
004231
002434
000732
002823
001487
000119
002499
004948
002668
001865
005018
001994
000553
004046
004880
001648
000704
004202
004756
001976
004986
000039
001946
004483
001076
000408
001579
001357
001394
002688
004216
004896
004529
002332
001681
001021
003430
000503
002196
002151
004914
002695
004263
001742
003233
000724
001447
002294
001988
001344
001334
003425
000887
001852
004400
004624
004378
000250
003925
004571
000263
000908
003007
002968
000044
001232
003541
002396
002845
004431
003167
002060
003140
000126
001675
003820
001458
003540
003218
004637
004673
003774
001138
004989
003556
003736
000356
003649
001491
004308
004878
002461
000728
004525
004761
002879
004751
003107
000082
000623
002741
002409
002802
002093
001899
002105
001602
000425
001578
002761
004223
005043
002022
003788
001825
001868
001915
001383
001854
001197
002054
000415
003980
000478
004759
004867
000651
000668
001611
002914
000534
001277
002477
003211
000890
002982
001162
002428
002534
000807
000273
004390
001713
002589
001774
003437
002512
000845
001064
003188
002416
003536
003217
002650
000122
003636
000859
000487
004726
001820
000212
000629
002675
002293
001622
003903
002621
001109
003869
002384
005039
004607
002418
003922
002863
002130
002634
004635
000754
002128
003720
004413
002205
003348
002564
004551
002670
003678
002783
001369
001589
000636
000578
000952
004358
000821
001314
004285
000457
002702
004610
001028
003488
002536
002740
001850
004667
004603
000852
001453
001615
003250
000858
001132
000072
002547
002990
004048
002869
002974
003236
003323
002137
003095
002674
002414
004399
002307
002400
004965
000522
004447
003843
001349
003530
001429
000113
002398
002250
001877
004407
000157
003300
003139
001668
000130
002942
000557
001460
000686
003767
001770
004138
002415
002104
003723
000530
001059
002899
003424
003513
002453
000023
003797
003583
005033
003350
001347
003623
004629
003865
004813
000928
003749
002347
000176
003641
003591
001769
004968
004306
000135
002268
004574
001299
003058
003357
000669
004401
003483
004696
001047
004631
003266
003450
004093
004587
004152
002304
001098
001834
003916
002905
004983
000850
004444
002954
003111
001952
004197
000123
000081
000441
003251
000028
002221
004091
000034
003046
004290
001782
001398
001679
004226
000861
001164
005007
001502
000648
003017
000024
001081
003333
001938
001937
001023
004277
004812
000790
002490
000490
000111
003402
004053
004802
000386
001043
004292
001060
003013
003356
004212
000054
003371
004256
001244
003440
002333
004506
001932
003612
001320
003989
000507
001465
004954
001524
001476
001730
003699
003807
000286
000205
004125
004190
002248
003351
001650
000843
000310
004271
002985
003502
002815
002929
004254
001654
004787
004563
004951
000140
000292
001853
004513
000272
000783
000280
003146
000752
001771
003927
001676
004979
000182
000784
004043
000145
000978
004136
001421
004397
004913
002969
002387
000016
002408
000911
001392
001063
000463
001215
001944
002697
003795
000437
000002
000194
001636
002826
001342
002772
004775
003305
004217
004368
002251
000811
002949
004700
003279
001580
000761
002829
002847
004628
001340
000191
004008
004752
002213
003201
000270
003557
003262
001652
000001
002875
003292
002202
002832
002738
002184
004252
003549
002756
000099
001397
004694
002273
002267
004261
002605
002598
000691
004844
000661
002726
001726
003460
002926
003936
000814
001953
004110
000733
002600
001360
001300
004422
001496
005026
002972
002945
000005
001191
004496
000999
000931
000755
001422
004991
004970
001055
003930
004713
003646
001969
004108
004793
000768
004688
003476
000550
001653
003650
000291
003004
002680
001384
002073
003840
000659
001456
004707
000511
000271
003661
004192
004856
000567
004129
004664
002003
004614
003103
003041
001897
003601
004584
004721
003778
004737
004766
000662
001704
001103
004172
004064
001090
004910
003193
004996
003602
002052
001607
001970
004166
000339
002581
004911
001249
001860
002893
002870
001204
002451
001984
003308
001662
002678
002223
000899
003977
004797
003957
003982
001709
003209
004768
002391
003953
003036
002728
000870
002574
003538
004577
002480
002106
003471
001549
004739
002887
000751
002035
003324
001587
002922
004767
003990
002690
003695
003906
003344
002970
002720
003199
004831
000936
001598
000344
001744
002443
000460
002575
003705
003163
000451
004814
004947
000063
001157
004224
004671
004074
003183
004755
001454
004705
001007
002618
003933
004988
001337
001035
001150
002264
001669
000399
003594
004328
000019
000735
002663
003914
002311
002061
003552
000383
000287
002421
002959
000341
001136
000354
002255
004076
004711
001301
002814
000380
002582
000785
001177
003415
004679
003102
003240
003510
000289
001420
004798
002895
000239
003663
004245
000241
003022
003660
001376
002998
002469
001258
003225
001639
002748
003254
004838
002892
004113
001802
001731
002540
005037
003033
001202
002241
004502
000795
003370
000641
001308
001080
002353
001766
003164
000537
002226
004800
002849
002007
000749
002664
002313
004427
001637
000208
002722
000128
002771
003478
003388
004627
000570
003428
002529
004416
004193
000796
000879
004159
000920
000404
001808
001257
003380
000059
000810
004419
001986
002833
002908
000377
004765
000829
001982
004887
000946
004544
001146
000677
003012
002062
002092
001056
002596
004331
004915
003034
003072
002561
001327
001878
001739
002482
004466
001455
003472
000091
004268
002356
003864
003609
001426
002900
002018
002884
000975
004248
000989
001067
004451
001606
002657
000702
000638
004978
000290
001495
001980
004480
000175
004854
000851
004196
003327
004335
002080
004265
003418
003203
002790
001205
003585
003173
000948
000801
000766
002380
000452
003065
001408
004109
002610
001062
003091
004374
003128
003501
000201
004425
000216
005011
004733
000679
004258
000818
001324
003928
002858
001153
000090
001254
003596
000340
000727
003077
001346
004013
004205
000223
004908
002752
003363
001216
004300
002177
001833
001436
000736
001619
000075
001113
004208
002132
002994
004872
003215
003047
003499
000820
001192
002523
001224
003170
003504
002658
002592
000866
001464
002472
004789
003847
000495
002638
002103
003576
002951
001378
002272
005025
004901
004003
002885
004353
002585
002799
004754
004782
002466
000429
003491
003071
004709
004372
001951
000055
003709
004746
003564
003902
003814
001212
000409
003213
002257
003381
004214
003244
003079
003579
000574
003010
000667
004853
001601
001179
001981
001005
001296
004435
003550
004075
004987
004440
004600
003886
004609
000643
000981
002846
003166
003687
003731
004490
004194
002214
004402
001995
001333
003532
001686
001670
002750
000685
000901
003492
003527
001646
002327
003995
001723
000680
004253
002314
001247
003706
002190
004225
000800
002818
001010
004879
001479
002142
002613
002673
004734
003818
001780
000684
000259
004550
002019
002419
004134
001101
002904
002074
004699
004568
003884
000346
001588
003677
001195
000050
004922
004618
003656
001449
000367
002901
003353
003838
005024
004264
003420
004131
004958
000418
001104
001474
003831
002417
003896
000374
004355
004377
004175
001595
002107
002114
002836
001097
004408
003156
004354
003416
000351
001556
000760
003655
001537
001457
004298
002232
003972
003755
000121
001336
004786
001395
000311
000950
001790
000400
000219
001416
004228
000321
002227
001572
001358
001593
000984
002515
003689
000315
004000
002705
003793
002204
001288
002544
003836
004811
004104
000190
002578
001947
003514
000941
000174
002614
003362
001777
003127
004346
002835
004047
004080
004842
002287
002372
002473
002935
003792
003715
004147
000925
004929
001880
002806
002989
004531
001625
001094
002616
001033
003257
003269
004143
000609
002524
000394
000438
000734
003019
004697
000070
001174
002194
003391
002957
002671
004486
001684
002179
002492
004203
004547
004310
000247
004342
001867
002071
004817
004595
004009
000278
004613
002559
001689
004909
000198
000304
000138
003340
000240
004257
002315
002000
004459
000693
004391
000689
001887
002009
004723
001054
004617
002045
001006
003442
003497
001351
000803
000624
004012
003475
003713
003088
000597
003880
000187
001695
001281
001518
003083
001311
004907
000403
002877
004816
002100
001473
002481
002758
001471
002843
001909
004830
001159
004207
002261
004599
004414
003779
004142
003726
004605
004882
000867
000062
001241
001363
000855
001963
004619
000770
002803
003965
001544
001099
004227
000780
004959
004557
004188
003314
003394
002562
000832
003665
004178
004323
002522
002170
004299
002822
001690
002303
002420
002376
000591
001231
002857
003084
003048
002203
000753
001541
002915
000611
003870
001705
003168
002148
004155
001410
000192
004861
005014
001749
004967
003598
004784
001127
001230
001693
000905
003732
003580
002485
004287
001313
001306
002349
004157
003941
004601
000231
003833
003259
000959
004477
004869
003075
001002
002747
005041
000137
000413
002975
000844
003410
003760
001717
000131
000462
004829
001129
000635
002856
001886
002455
004251
001553
002178
004030
003824
004260
002532
000093
000014
005045
000521
004710
002683
002200
000731
000485
001424
000544
002208
000328
001538
001546
003153
004062
003664
004578
000554
004068
003332
003160
003468
001933
000282
000246
002216
000261
004380
004871
003028
000299
002368
000892
000012
004589
003452
004145
001262
001893
004022
004177
003993
003638
003951
003804
000540
003069
000227
001824
003443
004314
003093
004056
000841
000476
004037
004456
004278
003938
000613
002739
002645
000828
004356
002243
000252
000459
002310
000319
001481
002163
002980
002624
000335
002440
001013
000894
003859
001928
004516
003672
001530
004098
000627
001958
000547
003983
000904
003614
002509
004790
004706
002841
003405
002768
001256
001906
000484
004436
003429
001472
004689
000046
002346
004262
001236
004515
001093
001829
000964
004588
001068
000027
004858
001325
004868
000575
004695
000390
003577
005002
003932
003587
004792
001660
003811
000718
000791
002325
003931
001380
003908
002948
001053
001879
003419
001354
000461
000789
003189
001917
004121
000549
004826
004429
004511
001861
004247
001372
004293
003006
002326
002608
000037
000153
003474
004171
002029
003489
000148
000720
001711
003070
003866
002191
004054
003610
000366
000242
002936
003014
001176
004118
004743
004122
001666
000646
002254
003214
002958
004090
001934
004678
001692
004769
003554
000953
004305
004073
003281
000993
000980
002403
004864
000447
004279
001112
002302
001110
002206
004985
004708
001962
001050
004781
001418
002853
002597
004857
003704
003427
004602
003909
004778
003653
003479
003136
003631
001120
002295
001428
001965
004485
002002
004426
001183
001219
000921
004291
003319
001142
001009
000787
004060
003881
001082
001451
002237
001402
002183
004050
004382
001285
005004
004944
004517
003992
003605
000849
002124
000565
000255
003889
002504
003942
001680
002796
001691
000620
001715
001284
004479
004523
000781
003772
002345
000129
000992
000605
003500
004061
004198
002147
000698
001967
003783
003632
000932
002365
002369
001087
001943
004925
003180
004955
001260
004164
002819
000448
001356
001508
000068
001945
001227
002305
005042
002180
002087
002077
001377
003744
004033
004670
001609
004272
004649
004338
003078
004763
003051
003996
000610
004027
002127
001940
003447
004760
004892
004210
000164
002048
001644
002085
003018
004024
000590
001497
004381
003031
001528
001613
004041
000527
000486
002502
002552
003837
002918
001844
002065
004636
004340
001182
004693
001484
000797
002301
002335
000209
003455
003934
002733
001651
003912
004487
000548
001765
000440
004010
004385
004950
001927
002679
002447
002027
001152
002774
000199
003421
002389
004386
004059
004461
003697
001610
000368
004919
004722
003920
002042
004255
002108
002040
000652
003817
004070
002366
004421
000654
001016
001712
004926
001573
001188
004539
000396
000577
001015
004250
003592
000501
001910
003120
004303
000434
002944
002109
004923
004326
003673
001414
005017
003667
003118
002484
001393
000835
001902
001983
004275
001800
004039
003647
000298
003674
001218
004669
002805
001003
001978
004834
002629
001186
003016
002568
002039
000124
003132
003252
003110
002343
000863
002667
001084
002362
002627
003522
000332
000116
003366
004704
001382
004395
003708
003733
004361
003823
002378
002424
000690
002625
002058
003283
004650
002516
003393
002560
000512
002993
002256
002601
000804
003775
003020
003316
002125
001417
000923
001321
003207
000674
001245
003422
002122
000508
004625
003263
004329
003299
000745
002407
002620
003685
000525
001411
002119
002785
001908
001843
002930
002631
001298
000513
004038
004917
001677
003910
002153
003764
003560
004660
003322
000353
002937
000531
002259
001914
001511
002344
003098
001478
004241
003841
000969
003260
004324
000497
003620
002083
001480
003759
004052
002868
002920
004884
001228
001189
002220
002252
000265
003477
004269
002735
001309
002793
000359
001823
002921
000707
003383
003386
003858
000502
004732
004383
004087
001169
002506
000878
001827
004092
001066
004740
004849
003644
001585
002120
004665
004352
000106
000464
004999
003611
002660
001287
003819
004809
002168
004127
004579
003378
003001
001523
004645
004132
002781
000628
003359
000132
002323
001568
001483
001500
002642
000966
000275
000517
000142
001794
003529
002488
004246
003728
000655
002782
002101
004458
001663
002611
002749
000307
000234
004387
004006
001781
004094
001444
002977
003487
001831
001439
001818
002825
000682
001745
002939
004349
004638
001255
001210
003771
003508
000327
003197
001315
001203
002234
000739
003423
003829
004065
001738
003144
000338
004534
002126
004823
003505
002834
004651
004564
003676
003364
003796
001638
001789
001507
000509
003945
004244
002685
003135
003087
001171
000782
002649
000149
001037
004659
002224
004560
002111
003304
004835
000171
003206
000179
000825
004079
000151
001874
002932
003878
004847
000746
002587
004176
002848
001903
002804
004066
003599
001386
002236
003984
000181
000546
001361
003011
002383
003627
004179
004106
003002
000987
001412
000276
004622
000066
004161
001038
001529
001584
002603
003239
001925
001599
004406
002269
003392
003387
002228
003753
000277
001477
002144
000350
002737
004653
005032
001706
002337
000985
001445
002518
000006
003480
001193
000588
002943
000990
002355
002110
002588
000067
002195
004903
002047
005020
004846
001872
002551
004032
004063
000976
000195
004772
001233
000973
004115
000455
004453
002161
002493
003737
004315
004112
000883
003426
000077
000324
004148
002520
001837
003947
002889
004969
004632
002851
001935
003379
000156
003267
000598
001373
004373
002927
003842
001305
004317
000919
004077
003547
001581
000965
001531
002056
001623
000218
003844
000109
005023
001847
000909
003571
005031
000603
004738
004170
001117
004762
003125
000343
003231
004493
002113
002913
004301
004520
001520
004357
002626
000213
004215
004924
004318
000817
000663
001714
002160
004337
001564
004001
001154
003151
003384
004852
004783
003318
001506
003438
001921
003212
001267
004332
004183
000958
003408
003210
003066
003081
001167
004640
001819
000972
002947
003919
001492
003640
000178
004542
003633
000678
004162
003158
002837
004097
000664
000631
001543
003701
000536
003467
004940
001379
003544
003382
003985
003025
002210
003157
002079
004801
003228
004014
000316
004514
004724
000927
000786
001991
003138
001399
000877
003590
004233
004468
000074
003463
002082
001734
004220
003347
000382
002156
002807
004824
004865
003642
000523
003787
004741
004103
001542
002289
004779
003860
002903
002437
000528
001605
004626
002860
002687
003451
001432
000579
002718
002386
000333
001365
000615
002468
004219
002964
001032
001163
001583
002778
002285
000387
003643
003711
001370
002651
004716
003232
003757
002448
002780
001385
003172
001674
001586
001158
001527
001490
000650
002497
002141
003454
004966
001793
002898
001014
004489
000706
002646
004446
000345
002925
001406
003321
000423
001845
000253
004805
002053
001948
004717
001316
000771
002669
002341
003317
001842
000168
004675
003243
003794
002377
001895
001574
002076
002433
004535
003911
004229
000314
001175
004302
000233
000154
003742
001891
001271
004124
004530
001441
000230
004591
001125
004081
001240
002586
001811
004512
000279
001801
000618
001294
004616
004687
002558
003877
002633
003799
002789
001838
004388
005008
002309
003734
001900
002023
002572
003165
000725
003924
002684
003109
004105
000626
002467
000710
000808
001048
000599
000421
003830
003785
003338
002643
003354
002979
001438
001431
003179
004828
002088
003968
000467
003573
002090
000312
000688
003191
001364
003740
004569
003751
001270
004007
000322
002146
001640
002412
001784
000996
000433
003459
001788
000360
003746
002824
003407
001884
002531
004296
000703
001330
000085
001659
003926
004405
001710
002622
004369
001656
002348
001758
002358
004267
000318
001883
004735
001786
000173
003039
001626
004836
004657
003302
002736
003413
002288
002049
004478
004341
002181
004611
000529
003950
005012
004866
002037
003517
000491
003883
001185
001046
003130
004438
003604
000865
001234
005010
000031
000224
002454
001618
000903
000186
001263
004690
002158
004348
002429
004818
002777
001160
000454
001760
001413
000466
002098
003092
000882
004596
001696
001810
004941
004412
001736
002711
001814
001114
000334
002760
004655
002530
005029
003563
000637
000215
000347
002442
004567
003181
004165
002955
001276
001515
000644
001396
003991
001719
001540
000881
004727
003056
003812
004116
003707
004730
004850
000285
001641
002692
002319
004055
004807
000743
000025
001437
001391
003964
003122
002878
001119
000738
004084
001095
002840
003397
002694
002494
000107
002280
002632
003891
002513
002546
003352
003975
002297
003461
001757
003306
000926
002351
001141
004128
000470
001505
003648
004026
001434
004555
003955
000918
001975
004634
000633
004904
002078
002367
000424
004590
001279
002459
004935
004442
002953
004096
001732
003073
002725
003578
001448
001682
004495
002744
001350
003645
002300
002402
000245
004218
003777
003325
001526
003026
003049
000395
001768
000381
000349
004494
000373
000274
001942
002813
000625
001533
004672
002724
003669
001748
001280
000389
004981
001703
004434
001857
003389
001388
004492
000935
003637
001849
001761
000880
003545
004840
002258
003149
003595
002666
004454
003493
004770
002874
003248
003827
001762
002479
002070
003856
004559
002173
004484
003897
004658
002916
002246
002397
002593
002557
001126
000516
000269
000607
004238
001319
000330
003683
000301
003832
002917
002008
000442
002810
004993
001645
003470
004888
000249
000127
002635
004963
004505
002135
002698
004396
003722
003208
002978
000177
004540
000907
002063
001851
004313
002431
002102
001482
003186
004439
001950
005034
003054
004764
002154
001724
003038
000519
000214
001086
000713
004715
001326
002411
000974
003229
003235
001467
000060
000539
000105
003548
002707
000450
000714
003270
003979
003894
000532
000592
003516
001135
000011
002441
003688
003963
000604
003171
001345
000954
003562
003330
000884
004995
004712
002270
003134
004499
000281
004309
002312
003223
000515
000997
001366
003222
000207
000087
004146
004509
002628
000868
002714
004990
003904
003375
003473
000500
000777
001130
001630
000248
004319
002641
003693
004236
001504
004702
000406
001485
004684
000967
001821
001816
000889
001517
004029
000134
001145
001671
002521
002004
003414
000405
002682
001699
004281
000632
002976
003040
002405
004977
004389
002852
003043
002746
001519
001858
001591
000555
002201
003634
000961
000398
000475
002017
004126
000152
000185
000572
000477
001672
002659
004025
002871
004452
001901
003374
002602
000258
002652
000906
002498
003748
001343
002299
003863
004186
002537
000102
001931
000957
004718
004822
001521
003851
002615
003368
001560
002394
004182
004471
003067
004376
001509
001862
000506
002197
005036
000057
001616
003238
003956
003944
004633
004234
003464
001627
002762
002966
002770
003523
000924
003089
000576
000308
001918
000471
003294
001387
003565
003057
003954
003303
004886
003867
004656
004117
001052
000673
003401
001116
004902
002055
004621
001498
004180
002209
003221
000541
004120
000719
001701
003061
004971
004546
004200
000369
000538
002999
001494
002373
000136
005022
003230
001265
000161
002647
002570
004085
000397
004774
004101
003433
004367
002700
003143
002952
003094
002776
001026
002543
000778
002607
000897
001443
003284
002486
000942
003272
003177
001172
004863
003703
003411
002034
003052
002483
003729
004558
003987
003050
003187
002809
003543
004071
000033
001124
001621
002696
004151
004005
000089
001209
004641
001211
004235
001470
002342
001562
000971
000436
001979
004528
004992
000815
001237
005016
001871
001024
004141
004370
003940
002617
001225
002406
001415
